숫자 찍기 과제 모음  (for 문만 사용합니다. if문 사용 금지)



1-1) number = 5

 1    2    3    4    5
 6    7    8    9   10
11   12   13   14   15
16   17   18   19   20
21   22   23   24   25



1-2) number = 5

21   22   23   24   25
16   17   18   19   20
11   12   13   14   15
 6    7    8    9   10
 1    2    3    4    5



1-3) number = 5

 1    3    5    7    9
11   13   15   17   19
21   23   25   27   29
31   33   35   37   39
41   43   45   47   49



1-4) number = 5

1
1    2
1    2    3
1    2    3    4
1    2    3    4    5



1-5) number = 5

 1
 2    3
 4    5    6
 7    8    9   10
11   12   13   14   15



1-6) number = 5

1    2    3    4    5
1    2    3    4
1    2    3
1    2
1



1-7) number = 5

 1    2    3    4    5
 6    7    8    9
10   11   12
13   14
15



1-8) number = 5

1    2    3    4    5
2    3    4    5    6
3    4    5    6    7
4    5    6    7    8
5    6    7    8    9



1-9) number = 5

1    2    3    4    5
2    3    4    5    1
3    4    5    1    2
4    5    1    2    3
5    1    2    3    4



1-10) number = 5

                     1
                2    3
           4    5    6
      7    8    9   10
11   12   13   14   15
